TRACE		MATRIX     		SINGLE	HH_0_-	HH_0_+	TOTAL
    0		[[  0  -1] 		     2	     2	     2	    6			
     		 [  1   0]]

    1		[[  1  -1] 		     1	     1	     2	    4			
     		 [  1   0]]

    1		[[  0   1] 		     1	     1	     2	    4			
     		 [ -1   1]]

    2		[[  1   0] 		     4	     1	     4	    9			
     		 [  0   1]]

    2		[[  1   1] 		     2	     1	     3	    6			
     		 [  0   1]]

    2		[[  1   2] 		     4	     2	     4	   10			
     		 [  0   1]]

    2		[[  1   3] 		     2	     2	     3	    7			
     		 [  0   1]]

    2		[[  1   4] 		     4	     3	     4	   11			
     		 [  0   1]]

    3		[[  2   1] 		     1	     1	     3	    5			
     		 [  1   1]]

    4		[[  3   1] 		     2	     2	     4	    8			
     		 [  2   1]]

    5		[[  4   1] 		     1	     2	     4	    7			
     		 [  3   1]]

    6		[[  5   1] 		     2	     3	     5	   10			
     		 [  4   1]]

    7		[[  6   1] 		     1	     3	     5	    9			
     		 [  5   1]]

    8		[[  7   1] 		     2	     4	     6	   12			
     		 [  6   1]]

    9		[[  8   1] 		     1	     4	     6	   11			
     		 [  7   1]]

   10		[[  9   1] 		     2	     5	     7	   14			
     		 [  8   1]]

   11		[[ 10   1] 		     1	     5	     7	   13			
     		 [  9   1]]

   12		[[ 11   1] 		     2	     6	     8	   16			
     		 [ 10   1]]

    6		[[  5   2] 		     4	     4	     6	   14			
     		 [  2   1]]

    8		[[  7   2] 		     2	     4	     6	   12			
     		 [  3   1]]

   10		[[  9   2] 		     4	     6	     8	   18			
     		 [  4   1]]

   12		[[ 11   2] 		     2	     6	     8	   16			
     		 [  5   1]]

   14		[[ 13   2] 		     4	     8	    10	   22			
     		 [  6   1]]

   16		[[ 15   2] 		     2	     8	    10	   20			
     		 [  7   1]]

   18		[[ 17   2] 		     4	    10	    12	   26			
     		 [  8   1]]

   20		[[ 19   2] 		     2	    10	    12	   24			
     		 [  9   1]]

   22		[[ 21   2] 		     4	    12	    14	   30			
     		 [ 10   1]]

   11		[[ 10   3] 		     1	     4	     7	   12			
     		 [  3   1]]

   14		[[ 13   3] 		     2	     7	     9	   18			
     		 [  4   1]]

   17		[[ 16   3] 		     1	     8	    10	   19			
     		 [  5   1]]

   20		[[ 19   3] 		     2	     8	    12	   22			
     		 [  6   1]]

   23		[[ 22   3] 		     1	    11	    13	   25			
     		 [  7   1]]

   26		[[ 25   3] 		     2	    13	    15	   30			
     		 [  8   1]]

   29		[[ 28   3] 		     1	    10	    16	   27			
     		 [  9   1]]

   32		[[ 31   3] 		     2	    16	    18	   36			
     		 [ 10   1]]

   18		[[ 17   4] 		     4	     9	    12	   25			
     		 [  4   1]]

   22		[[ 21   4] 		     2	    11	    13	   26			
     		 [  5   1]]

   26		[[ 25   4] 		     4	    14	    16	   34			
     		 [  6   1]]

   30		[[ 29   4] 		     2	    15	    17	   34			
     		 [  7   1]]

   34		[[ 33   4] 		     4	    15	    20	   39			
     		 [  8   1]]

   38		[[ 37   4] 		     2	    19	    21	   42			
     		 [  9   1]]

   42		[[ 41   4] 		     4	    22	    24	   50			
     		 [ 10   1]]

   27		[[ 26   5] 		     1	     9	    15	   25			
     		 [  5   1]]

   32		[[ 31   5] 		     2	    16	    18	   36			
     		 [  6   1]]

   37		[[ 36   5] 		     1	    18	    20	   39			
     		 [  7   1]]

   42		[[ 41   5] 		     2	    21	    23	   46			
     		 [  8   1]]

   47		[[ 46   5] 		     1	    23	    25	   49			
     		 [  9   1]]

   52		[[ 51   5] 		     2	    18	    28	   48			
     		 [ 10   1]]

   38		[[ 37   6] 		     4	    16	    22	   42			
     		 [  6   1]]

   44		[[ 43   6] 		     2	    22	    24	   48			
     		 [  7   1]]

   50		[[ 49   6] 		     4	    26	    28	   58			
     		 [  8   1]]

   56		[[ 55   6] 		     2	    20	    30	   52			
     		 [  9   1]]

   62		[[ 61   6] 		     4	    32	    34	   70			
     		 [ 10   1]]

   51		[[ 50   7] 		     1	    16	    27	   44			
     		 [  7   1]]

   58		[[ 57   7] 		     2	    29	    31	   62			
     		 [  8   1]]

   65		[[ 64   7] 		     1	    32	    34	   67			
     		 [  9   1]]

   72		[[ 71   7] 		     2	    36	    38	   76			
     		 [ 10   1]]

   66		[[ 65   8] 		     4	    25	    36	   65			
     		 [  8   1]]

   74		[[ 73   8] 		     2	    37	    39	   78			
     		 [  9   1]]

   82		[[ 81   8] 		     4	    42	    44	   90			
     		 [ 10   1]]

   83		[[ 82   9] 		     1	    25	    43	   69			
     		 [  9   1]]

   92		[[ 91   9] 		     2	    46	    48	   96			
     		 [ 10   1]]

  102		[[101  10] 		     4	    36	    54	   94			
     		 [ 10   1]]

